Conference	2008	2009	2010	2011	2012
0	112	0	0	0	0
1	141	153	69	86	135
2	130	94	0	117	129
3	189	0	186	0	323
4	107	59	56	106	136
5	202	123	89	135	222
6	128	101	112	185	93
7	99	71	51	113	111
8	105	85	124	69	130
9	32	41	142	33	25
10	94	36	46	55	68
11	72	0	109	0	53
12	114	72	0	0	0
13	216	111	135	128	232
14	85	66	111	105	79
15	140	0	193	0	0
16	138	220	0	0	0
17	173	0	0	0	0
18	115	94	73	112	107
19	58	77	114	72	92
20	64	90	105	239	235
21	264	0	318	0	384
22	144	221	244	113	141
23	37	29	48	41	48
24	151	97	0	0	0
25	163	193	438	159	60
26	37	37	55	38	77
27	9	18	29	33	25
28	313	57	0	56	0
29	95	126	122	86	84
30	77	140	85	164	92
31	211	170	327	169	129
32	132	212	109	215	140
33	66	67	76	81	103
34	147	0	0	0	0
35	139	598	0	0	0
36	66	67	146	121	113
37	125	0	104	0	158
38	90	111	178	139	137
39	107	0	52	0	69
40	84	88	78	142	128
41	81	39	60	68	67
42	96	0	80	0	0
43	41	35	29	38	39
44	35	46	85	82	83
45	78	0	17	50	69
46	184	0	65	0	152
47	100	0	0	0	0
48	34	20	27	47	40
49	126	105	151	215	252
50	430	0	0	0	0
51	103	36	39	117	51
52	124	120	108	148	0
53	170	161	135	185	84
54	63	0	69	60	78
55	108	145	138	125	147
56	240	0	0	0	0
57	54	86	75	99	88
58	81	67	47	74	91
59	53	37	34	16	132
60	94	97	106	52	50
61	95	145	106	115	247
62	18	49	78	48	52
63	43	0	78	0	92
64	76	148	129	25	43
65	13	29	14	10	15
66	117	91	0	0	0
67	65	102	20	71	254
68	42	26	29	70	19
69	51	66	63	65	64
70	167	138	202	200	172
71	84	82	53	0	53
72	66	54	69	0	89
73	40	15	28	38	0
74	18	45	29	24	49
75	74	0	87	150	125
76	28	28	26	33	37
77	65	136	160	240	157
78	300	0	272	0	370
79	297	0	0	0	0
80	98	138	0	0	0
81	128	0	0	0	0
82	73	67	105	84	139
83	89	84	212	94	112
84	166	146	184	0	0
85	42	102	131	228	217
86	22	14	86	32	24
87	73	0	51	0	82
88	115	115	0	0	0
89	74	74	75	41	0
90	16	8	5	27	115
91	96	44	0	0	0
92	85	58	24	47	41
93	469	0	0	0	0
94	91	101	82	71	74
95	94	81	83	136	162
96	170	159	130	121	123
97	37	52	53	69	81
98	122	52	104	115	116
99	67	69	82	86	112
100	72	121	120	136	98
101	488	0	0	0	0
102	111	0	0	0	0
103	37	26	26	30	32
104	290	0	0	0	0
105	34	26	47	50	0
106	51	109	230	116	95
107	62	44	55	18	95
108	59	90	78	56	84
109	198	0	270	0	246
110	110	136	111	149	196
111	257	0	484	0	0
112	74	0	0	0	88
113	97	61	79	74	58
114	122	0	0	0	0
115	243	0	0	0	0
116	91	55	44	56	87
117	110	109	204	210	226
118	92	125	149	261	0
119	38	23	80	116	66
120	79	68	44	43	57
121	81	94	133	109	99
122	81	71	116	74	72
123	63	54	44	60	143
124	149	46	0	0	0
125	75	68	47	0	0
126	270	264	397	0	0
127	160	171	154	0	0
128	53	59	38	68	38
129	84	98	198	149	124
130	174	104	137	145	0
131	296	347	0	0	0
132	63	176	70	108	96
133	19	29	42	26	7
134	350	596	0	0	0
135	80	113	82	84	89
136	65	71	0	0	0
137	34	52	84	161	230
138	92	86	72	78	80
139	32	77	7	8	41
140	95	58	81	100	44
141	410	0	0	0	0
142	29	24	64	77	41
143	130	105	116	197	139
144	194	60	61	0	24
145	191	0	0	78	105
146	91	91	237	141	146
147	82	93	44	53	19
148	83	93	108	90	130
149	66	46	80	66	93
150	140	199	132	119	0
151	35	81	43	62	68
152	104	73	96	92	182
153	138	142	155	0	0
154	167	116	133	170	101
155	245	0	201	0	215
156	55	0	36	33	0
157	49	55	42	49	91
158	76	85	99	47	117
159	62	61	37	71	52
160	178	208	289	210	0
161	67	97	42	91	139
162	42	70	27	38	103
163	115	118	111	96	108
164	6	15	25	10	16
165	20	23	14	15	4
166	78	100	148	127	153
167	55	65	23	126	132
168	38	33	109	66	130
169	130	0	0	0	0
170	360	0	217	0	288
171	120	104	147	113	210
172	61	96	85	62	46
173	75	0	43	0	0
174	34	20	42	40	41
175	37	236	143	140	125
176	21	21	6	27	12
177	85	49	54	79	121
178	89	113	139	143	49
179	74	129	106	79	53
180	147	92	172	105	161
181	251	220	171	0	0
182	129	134	199	121	109
183	511	0	0	0	0
184	46	56	57	66	116
185	152	113	226	229	248
186	95	76	85	65	119
187	48	0	144	0	0
188	63	40	51	38	22
189	152	0	0	171	0
190	307	68	26	57	104
191	133	236	290	92	136
192	72	38	69	68	96
193	113	97	32	56	171
194	215	0	363	594	0
195	113	90	70	75	122
196	137	117	221	0	0
197	73	0	0	0	49
198	95	112	70	0	0
199	41	26	31	79	65
200	16	25	46	30	38
201	75	146	9	71	0
202	72	146	39	153	90
203	84	46	0	0	0
204	40	0	0	69	0
205	16	18	15	111	89
206	114	0	0	0	0
207	488	374	0	0	0
208	354	0	0	0	0
209	156	289	79	85	0
210	359	0	0	0	0
211	100	112	71	0	81
212	28	57	44	26	75
213	141	76	119	71	66
214	136	46	53	48	58
215	27	52	52	49	41
216	77	0	0	0	333
217	48	37	66	23	37
218	30	35	54	50	63
219	52	0	104	92	0
220	68	144	135	212	200
221	77	60	49	67	60
222	84	99	72	136	91
223	414	0	0	0	0
224	26	10	20	22	43
225	59	66	67	91	0
226	52	44	31	18	32
227	143	53	100	257	77
228	534	366	0	0	0
229	51	31	45	28	45
230	33	22	40	49	53
231	421	0	0	0	0
232	22	30	24	41	20
233	92	156	118	130	128
234	405	0	0	0	0
235	54	37	98	51	51
236	171	172	169	162	158
237	182	111	0	0	0
238	27	47	69	196	109
239	205	0	296	0	182
240	101	87	63	99	83
241	63	34	54	59	172
242	114	0	0	0	0
243	92	106	74	69	17
244	84	77	100	110	85
245	398	563	0	0	0
246	51	41	34	21	25
247	188	107	74	0	0
248	86	203	136	180	140
249	66	29	25	35	0
250	22	48	59	0	28
251	54	39	77	58	74
252	522	0	0	0	0
253	290	0	218	0	224
254	221	120	180	173	142
255	192	163	176	187	81
256	166	236	0	0	395
257	33	178	114	81	133
258	244	286	0	0	0
259	50	104	102	113	86
260	24	74	53	94	52
261	471	0	0	0	0
262	47	108	84	97	69
263	184	163	88	0	0
264	141	150	184	86	122
265	122	160	120	220	136
266	103	39	0	0	0
267	77	75	0	0	0
268	246	0	230	0	0
269	149	52	36	106	154
270	90	129	114	75	0
271	128	252	185	130	99
272	140	89	189	197	302
273	49	159	102	104	141
274	30	23	44	40	53
275	169	81	165	177	0
276	58	66	77	56	39
277	16	18	46	70	56
278	76	0	0	0	112
279	55	34	23	159	192
280	18	21	16	26	5
281	60	73	28	54	53
282	35	47	42	30	57
283	64	91	73	69	0
284	82	95	61	109	138
285	13	0	0	0	116
286	191	205	141	195	231
287	69	0	65	61	23
288	47	40	72	91	89
289	33	62	89	120	39
290	451	264	0	0	0
291	45	48	53	47	51
292	100	63	75	122	88
293	72	121	133	140	164
294	192	52	179	122	41
295	206	0	0	0	0
296	187	0	65	249	167
297	90	60	52	135	83
298	66	40	23	53	23
299	199	0	0	0	0
300	107	120	202	78	83
301	170	0	101	0	103
302	202	0	0	0	0
303	280	206	145	102	69
304	153	0	0	0	0
305	348	395	0	0	0
306	52	156	229	117	203
307	74	0	0	0	0
308	115	0	0	0	111
309	49	89	95	81	83
310	162	150	196	119	0
311	117	67	96	73	126
312	39	37	38	39	83
313	75	86	71	78	298
314	174	0	0	0	0
315	35	17	54	7	24
316	235	333	109	102	28
317	824	0	0	0	0
318	28	33	15	47	43
319	793	0	0	0	0
320	165	139	143	0	0
321	54	300	313	122	189
322	63	0	88	0	112
323	162	0	0	0	0
324	79	73	90	80	111
325	230	0	0	0	317
326	69	90	74	69	73
327	269	355	180	0	0
328	206	0	0	0	0
329	83	79	63	143	79
330	202	0	172	0	0
331	178	0	0	0	0
332	94	203	108	125	123
333	101	151	96	98	90
334	132	121	90	97	99
335	63	48	58	68	66
336	142	0	0	0	0
337	38	155	170	252	62
338	92	98	122	96	97
339	130	0	0	0	0
340	70	70	0	0	0
341	57	45	88	71	67
342	102	123	216	104	144
343	71	10	28	22	79
344	47	54	26	35	48
345	36	34	35	62	0
346	39	36	93	146	41
347	42	47	0	65	0
348	69	46	53	45	48
349	118	0	0	0	0
350	196	232	207	204	10
351	268	127	268	322	0
352	34	29	104	31	105
353	54	57	85	0	84
354	96	158	50	0	0
355	55	90	87	77	0
356	78	67	128	46	50
357	252	0	198	0	193
358	50	125	93	74	38
359	63	91	61	79	101
360	10	0	45	25	13
361	63	90	40	24	43
362	216	297	270	0	0
363	66	61	66	58	112
364	321	413	196	0	0
365	55	129	107	58	80
366	54	44	0	0	0
367	28	45	37	51	59
368	195	159	202	126	171
369	282	106	115	174	219
370	105	0	0	0	0
371	130	0	123	0	117
372	172	0	62	0	0
373	243	332	237	0	138
374	71	59	56	57	50
375	125	42	25	0	41
376	268	71	77	0	118
377	26	57	81	127	80
378	167	0	177	0	245
379	103	133	120	111	169
380	56	101	86	116	101
381	54	99	38	108	93
382	223	63	0	0	0
383	27	32	30	36	26
384	36	20	13	25	10
385	85	112	59	93	66
386	62	69	48	80	122
387	53	55	156	150	0
388	50	55	0	0	0
389	28	0	14	0	49
390	153	232	213	0	217
391	221	0	223	0	0
392	120	115	140	180	127
393	210	0	0	0	0
394	279	0	68	0	0
395	267	373	0	0	0
396	216	0	237	0	254
397	125	57	68	95	115
398	87	67	157	113	124
399	57	93	73	142	110
400	38	103	114	196	116
401	38	68	55	0	77
402	46	70	0	0	0
403	37	47	38	55	53
404	207	0	0	0	0
405	201	0	239	288	125
406	127	0	0	0	0
407	15	46	64	39	25
408	76	69	58	0	28
409	54	112	60	0	41
410	117	0	37	0	0
411	354	218	208	69	88
412	292	181	110	0	0
413	100	0	0	0	0
414	171	0	0	0	0
415	37	59	65	25	0
416	122	291	158	95	155
417	144	157	185	129	137
418	110	92	75	105	68
419	80	72	97	148	132
420	67	36	41	114	111
421	21	23	7	78	7
422	79	81	182	135	81
423	116	81	67	144	124
424	35	32	37	41	48
425	39	55	27	38	60
426	84	76	65	0	0
427	82	0	36	0	62
428	285	0	0	0	0
429	97	119	76	0	0
430	120	0	230	0	147
431	161	164	325	136	167
432	150	115	111	102	160
433	36	44	15	11	3
434	206	0	0	0	0
435	190	0	209	0	0
436	19	23	52	29	50
437	108	106	105	89	160
438	41	76	39	74	153
439	103	0	0	0	0
440	126	177	93	0	0
441	177	0	0	0	0
442	270	0	0	0	0
443	244	0	230	0	0
444	180	105	70	97	98
445	138	133	98	71	140
446	30	36	34	30	23
447	114	0	0	0	0
448	55	54	42	0	0
449	257	0	101	0	0
450	74	148	82	160	158
451	190	203	211	154	60
452	92	68	109	86	109
453	69	75	88	47	53
454	38	80	61	91	122
455	24	145	0	0	0
456	101	0	0	0	0
457	97	68	68	77	75
458	97	167	254	123	0
459	80	0	0	0	0
460	45	42	36	53	59
461	34	0	68	0	65
462	3	18	30	12	12
463	29	24	19	86	41
464	262	146	201	158	0
465	81	98	56	114	91
466	266	71	165	68	116
467	183	105	64	180	138
468	48	91	57	130	78
469	59	70	0	116	61
470	58	140	59	271	87
471	20	31	45	0	18
472	110	151	128	157	142
473	77	78	204	99	92
474	47	17	70	26	95
475	23	28	27	11	0
476	68	48	110	40	76
477	53	93	132	107	133
478	212	0	0	0	0
479	75	26	49	153	68
480	157	60	140	89	132
481	31	7	5	126	49
482	104	166	67	86	147
483	125	0	0	0	109
484	50	82	39	263	52
485	193	0	0	0	0
486	89	110	105	144	98
487	220	295	0	116	21
488	57	200	224	0	0
489	39	53	57	28	53
490	237	118	0	0	0
491	187	0	0	0	0
492	144	75	128	176	126
493	170	110	85	32	79
494	36	0	0	0	46
495	120	30	146	241	40
496	56	52	54	49	66
497	82	90	77	44	89
498	138	69	131	75	118
499	60	48	68	81	94
500	81	41	80	35	91
501	54	40	29	25	39
502	83	123	44	89	52
503	132	303	190	160	0
504	53	84	57	94	76
505	26	21	22	22	46
506	60	85	106	118	163
507	172	80	105	62	118
508	195	144	112	131	117
509	42	67	51	57	31
510	257	0	0	0	0
511	76	76	82	70	206
512	62	107	70	124	139
513	182	70	33	9	35
514	41	67	72	74	23
515	12	85	95	163	76
516	38	24	0	15	31
517	37	49	26	33	42
518	261	191	361	0	0
519	77	105	88	154	145
520	47	57	0	45	0
521	241	336	0	0	0
522	87	89	70	135	109
523	112	82	171	74	180
524	46	98	105	66	139
525	59	0	37	47	0
526	119	140	144	152	84
527	22	45	28	55	52
528	84	25	0	0	0
529	28	13	5	3	14
530	89	38	28	36	52
531	63	73	80	78	86
532	15	33	48	89	137
533	21	28	0	12	0
534	80	123	174	192	180
535	382	0	0	0	0
536	68	121	0	0	0
537	41	61	63	102	25
538	96	110	184	146	124
539	75	0	205	168	0
540	40	66	34	118	42
541	176	199	0	0	0
542	182	169	162	139	151
543	25	39	6	9	52
544	42	111	35	34	32
545	71	39	53	65	76
546	127	137	118	119	87
547	18	0	89	0	45
548	65	60	86	89	109
549	41	148	114	381	74
550	429	168	147	73	24
551	187	188	134	83	97
552	91	36	55	25	45
553	27	58	89	102	78
554	49	42	39	83	48
555	145	130	125	0	0
556	55	30	38	21	56
557	34	64	54	38	57
558	16	77	28	33	66
559	27	0	57	0	87
560	0	279	261	0	212
561	0	357	0	0	0
562	0	298	0	0	184
563	0	635	0	0	0
564	0	85	236	168	135
565	0	756	0	0	0
566	0	628	0	0	0
567	0	56	0	48	0
568	0	55	43	0	0
569	0	134	0	0	0
570	0	75	0	81	0
571	0	227	232	0	297
572	0	139	221	277	198
573	0	649	0	0	0
574	0	64	97	0	0
575	0	91	49	113	83
576	0	121	143	305	0
577	0	40	65	56	39
578	0	219	96	125	0
579	0	102	0	0	0
580	0	47	57	30	0
581	0	405	0	0	0
582	0	204	0	0	0
583	0	147	0	0	0
584	0	136	0	0	0
585	0	692	0	0	0
586	0	138	237	298	230
587	0	49	72	47	0
588	0	681	0	0	0
589	0	117	166	217	166
590	0	157	215	158	136
591	0	33	24	70	45
592	0	251	0	0	0
593	0	188	234	211	0
594	0	114	0	117	0
595	0	307	0	0	0
596	0	239	147	0	347
597	0	161	0	162	0
598	0	41	0	0	0
599	0	153	181	173	197
600	0	54	25	0	0
601	0	108	93	0	0
602	0	89	0	65	0
603	0	95	0	67	0
604	0	521	0	0	0
605	0	165	0	0	0
606	0	139	93	125	0
607	0	330	0	326	0
608	0	224	0	0	0
609	0	219	0	0	0
610	0	60	60	53	55
611	0	78	108	135	152
612	0	120	0	61	0
613	0	193	0	177	134
614	0	896	0	0	0
615	0	27	139	0	0
616	0	231	0	148	0
617	0	87	0	65	104
618	0	63	19	14	14
619	0	69	0	63	0
620	0	364	0	0	0
621	0	50	129	58	104
622	0	666	0	0	0
623	0	90	0	0	84
624	0	167	0	0	0
625	0	85	0	0	477
626	0	52	0	63	0
627	0	93	0	0	0
628	0	588	0	0	0
629	0	524	0	0	0
630	0	433	0	0	0
631	0	299	0	0	0
632	0	188	0	229	0
633	0	237	0	0	0
634	0	588	0	0	0
635	0	446	0	223	0
636	0	202	0	242	0
637	0	241	0	353	0
638	0	521	0	0	0
639	0	549	0	0	0
640	0	58	174	116	77
641	0	170	0	0	0
642	0	79	70	0	0
643	0	46	0	52	0
644	0	186	0	0	0
645	0	372	0	0	0
646	0	185	0	177	0
647	0	565	0	0	0
648	0	627	0	0	0
649	0	65	41	0	0
650	0	59	0	123	0
651	0	22	18	9	55
652	0	150	155	253	201
653	0	233	176	0	0
654	0	137	267	186	102
655	0	393	0	0	0
656	0	384	0	0	0
657	0	51	0	58	0
658	0	316	0	0	0
659	0	350	0	0	0
660	0	590	0	0	0
661	0	272	0	0	159
662	0	259	130	203	160
663	0	76	0	189	134
664	0	43	0	66	0
665	0	62	39	72	46
666	0	100	132	132	64
667	0	45	102	34	0
668	0	135	73	122	131
669	0	353	0	0	0
670	0	105	217	203	0
671	0	53	0	73	0
672	0	58	159	44	67
673	0	236	160	245	186
674	0	172	0	0	0
675	0	50	58	76	98
676	0	208	0	0	0
677	0	202	0	0	451
678	0	102	56	0	88
679	0	478	0	550	0
680	0	231	225	207	243
681	0	204	0	119	162
682	0	321	249	334	1
683	0	87	66	76	111
684	0	244	167	121	158
685	0	20	26	11	49
686	0	119	520	0	0
687	0	65	112	10	0
688	0	69	0	56	0
689	0	16	19	11	25
690	0	28	53	77	0
691	0	54	78	52	56
692	0	82	66	75	63
693	0	90	268	65	0
694	0	115	10	10	39
695	0	65	39	43	32
696	0	395	0	492	0
697	0	35	33	38	0
698	0	71	0	75	0
699	0	104	43	54	57
700	0	38	10	12	53
701	0	126	84	156	104
702	0	85	48	26	0
703	0	56	80	35	64
704	0	20	26	41	18
705	0	20	19	22	12
706	0	632	0	0	0
707	0	49	34	47	47
708	0	74	62	77	46
709	0	44	0	204	0
710	0	29	25	42	55
711	0	15	142	128	73
712	0	45	99	61	38
713	0	49	40	0	0
714	0	140	116	154	49
715	0	191	0	0	0
716	0	27	5	7	31
717	0	120	65	47	21
718	0	99	21	0	33
719	0	87	112	0	42
720	0	17	22	10	38
721	0	115	112	91	77
722	0	19	47	46	53
723	0	77	77	63	97
724	0	85	0	91	0
725	0	390	0	0	332
726	0	62	0	162	0
727	0	509	0	358	0
728	0	166	0	135	0
729	0	234	0	0	0
730	0	130	0	20	50
731	0	82	126	91	57
732	0	15	46	35	6
733	0	34	27	51	57
734	0	58	55	53	27
735	0	39	54	55	64
736	0	64	26	35	28
737	0	261	0	0	0
738	0	191	0	0	0
739	0	301	0	0	0
740	0	38	111	102	39
741	0	346	0	359	227
742	0	699	218	0	0
743	0	16	41	45	20
744	0	148	0	0	0
745	0	145	186	0	0
746	0	72	48	85	72
747	0	42	34	29	43
748	0	18	27	47	120
749	0	490	0	0	0
750	0	48	129	151	106
751	0	124	0	0	0
752	0	376	0	0	0
753	0	72	0	65	0
754	0	2	65	47	0
755	0	242	0	0	0
756	0	188	0	0	0
757	0	28	7	20	50
758	0	30	46	48	55
759	0	122	0	0	0
760	0	107	0	0	0
761	0	42	24	40	22
762	0	278	0	0	390
763	0	184	157	229	215
764	0	83	0	72	0
765	0	96	0	0	0
766	0	123	61	0	0
767	0	8	162	87	132
768	0	45	78	34	18
769	0	24	84	25	61
770	0	56	0	0	68
771	0	0	72	0	126
772	0	0	134	307	180
773	0	0	123	93	0
774	0	0	257	0	0
775	0	0	210	0	145
776	0	0	209	99	193
777	0	0	157	0	0
778	0	0	388	0	0
779	0	0	93	0	126
780	0	0	157	175	310
781	0	0	232	187	146
782	0	0	75	121	55
783	0	0	23	49	35
784	0	0	64	105	112
785	0	0	426	0	207
786	0	0	100	0	0
787	0	0	215	0	0
788	0	0	878	0	0
789	0	0	163	0	0
790	0	0	167	0	0
791	0	0	266	0	0
792	0	0	125	0	0
793	0	0	92	112	95
794	0	0	146	0	0
795	0	0	78	82	69
796	0	0	21	48	33
797	0	0	24	31	38
798	0	0	426	0	409
799	0	0	157	259	69
800	0	0	452	243	346
801	0	0	25	28	58
802	0	0	243	0	0
803	0	0	168	0	159
804	0	0	544	0	0
805	0	0	123	0	0
806	0	0	123	110	155
807	0	0	40	37	9
808	0	0	14	30	106
809	0	0	101	194	127
810	0	0	67	0	31
811	0	0	116	0	0
812	0	0	44	135	0
813	0	0	313	347	279
814	0	0	66	0	50
815	0	0	243	0	277
816	0	0	143	0	0
817	0	0	335	0	391
818	0	0	290	181	0
819	0	0	83	62	56
820	0	0	22	56	100
821	0	0	263	127	0
822	0	0	255	213	0
823	0	0	381	141	0
824	0	0	66	68	70
825	0	0	200	258	185
826	0	0	77	0	109
827	0	0	16	17	10
828	0	0	251	0	260
829	0	0	253	0	0
830	0	0	182	208	171
831	0	0	268	0	0
832	0	0	174	0	240
833	0	0	126	264	338
834	0	0	81	83	14
835	0	0	253	170	199
836	0	0	38	120	102
837	0	0	314	0	205
838	0	0	13	268	0
839	0	0	70	20	37
840	0	0	171	157	94
841	0	0	118	204	273
842	0	0	271	0	0
843	0	0	108	0	0
844	0	0	54	50	47
845	0	0	134	122	77
846	0	0	107	116	177
847	0	0	111	0	0
848	0	0	189	350	0
849	0	0	165	0	0
850	0	0	103	0	0
851	0	0	161	342	0
852	0	0	127	0	0
853	0	0	97	46	91
854	0	0	116	0	0
855	0	0	402	0	125
856	0	0	280	0	110
857	0	0	37	43	40
858	0	0	73	47	51
859	0	0	33	30	50
860	0	0	150	0	78
861	0	0	19	91	0
862	0	0	220	179	177
863	0	0	120	0	0
864	0	0	74	0	53
865	0	0	458	0	0
866	0	0	25	35	38
867	0	0	42	50	44
868	0	0	53	10	44
869	0	0	37	26	32
870	0	0	174	0	0
871	0	0	162	0	0
872	0	0	216	175	0
873	0	0	356	0	0
874	0	0	253	218	223
875	0	0	123	107	101
876	0	0	132	0	0
877	0	0	135	192	113
878	0	0	42	26	47
879	0	0	27	284	194
880	0	0	196	0	0
881	0	0	47	49	58
882	0	0	51	61	98
883	0	0	95	48	0
884	0	0	142	90	176
885	0	0	194	0	0
886	0	0	217	0	0
887	0	0	232	173	172
888	0	0	180	233	220
889	0	0	281	0	0
890	0	0	198	192	189
891	0	0	83	0	83
892	0	0	155	0	0
893	0	0	154	0	0
894	0	0	63	23	0
895	0	0	167	0	0
896	0	0	117	107	171
897	0	0	521	0	0
898	0	0	205	91	141
899	0	0	256	165	0
900	0	0	131	0	0
901	0	0	105	0	0
902	0	0	282	304	367
903	0	0	139	0	0
904	0	0	599	0	0
905	0	0	169	99	0
906	0	0	213	104	0
907	0	0	166	0	0
908	0	0	73	64	110
909	0	0	167	0	122
910	0	0	131	0	0
911	0	0	188	83	25
912	0	0	167	0	0
913	0	0	46	73	39
914	0	0	0	311	0
915	0	0	0	347	0
916	0	0	0	407	285
917	0	0	0	197	0
918	0	0	0	162	95
919	0	0	0	228	0
920	0	0	0	229	0
921	0	0	0	71	56
922	0	0	0	328	0
923	0	0	0	127	109
924	0	0	0	265	224
925	0	0	0	31	120
926	0	0	0	145	0
927	0	0	0	174	94
928	0	0	0	119	0
929	0	0	0	1011	0
930	0	0	0	159	0
931	0	0	0	359	0
932	0	0	0	114	0
933	0	0	0	92	241
934	0	0	0	38	155
935	0	0	0	333	0
936	0	0	0	165	0
937	0	0	0	100	0
938	0	0	0	212	0
939	0	0	0	130	0
940	0	0	0	146	0
941	0	0	0	198	0
942	0	0	0	217	787
943	0	0	0	244	0
944	0	0	0	72	30
945	0	0	0	125	114
946	0	0	0	47	0
947	0	0	0	31	78
948	0	0	0	303	0
949	0	0	0	303	339
950	0	0	0	95	0
951	0	0	0	116	0
952	0	0	0	112	0
953	0	0	0	107	0
954	0	0	0	189	0
955	0	0	0	207	0
956	0	0	0	311	372
957	0	0	0	287	360
958	0	0	0	102	0
959	0	0	0	87	80
960	0	0	0	214	0
961	0	0	0	124	149
962	0	0	0	94	49
963	0	0	0	117	0
964	0	0	0	372	0
965	0	0	0	71	131
966	0	0	0	244	0
967	0	0	0	205	0
968	0	0	0	200	322
969	0	0	0	49	166
970	0	0	0	214	0
971	0	0	0	121	0
972	0	0	0	57	111
973	0	0	0	79	47
974	0	0	0	176	183
975	0	0	0	378	388
976	0	0	0	294	179
977	0	0	0	303	0
978	0	0	0	564	0
979	0	0	0	207	0
980	0	0	0	229	0
981	0	0	0	239	0
982	0	0	0	149	0
983	0	0	0	425	0
984	0	0	0	32	179
985	0	0	0	80	41
986	0	0	0	82	46
987	0	0	0	96	56
988	0	0	0	51	46
989	0	0	0	72	49
990	0	0	0	47	71
991	0	0	0	169	165
992	0	0	0	22	51
993	0	0	0	60	113
994	0	0	0	229	0
995	0	0	0	78	85
996	0	0	0	222	0
997	0	0	0	61	0
998	0	0	0	132	249
999	0	0	0	353	0
1000	0	0	0	442	0
1001	0	0	0	150	128
1002	0	0	0	477	0
1003	0	0	0	268	0
1004	0	0	0	177	175
1005	0	0	0	106	0
1006	0	0	0	224	0
1007	0	0	0	374	0
1008	0	0	0	95	33
1009	0	0	0	215	0
1010	0	0	0	443	0
1011	0	0	0	71	184
1012	0	0	0	188	0
1013	0	0	0	33	35
1014	0	0	0	308	0
1015	0	0	0	186	0
1016	0	0	0	115	0
1017	0	0	0	0	785
1018	0	0	0	0	121
1019	0	0	0	0	181
1020	0	0	0	0	68
1021	0	0	0	0	259
1022	0	0	0	0	279
1023	0	0	0	0	130
1024	0	0	0	0	865
1025	0	0	0	0	485
1026	0	0	0	0	37
1027	0	0	0	0	48
1028	0	0	0	0	218
1029	0	0	0	0	587
1030	0	0	0	0	236
1031	0	0	0	0	323
1032	0	0	0	0	71
1033	0	0	0	0	97
1034	0	0	0	0	189
1035	0	0	0	0	278
1036	0	0	0	0	70
1037	0	0	0	0	260
1038	0	0	0	0	203
1039	0	0	0	0	105
1040	0	0	0	0	82
1041	0	0	0	0	246
1042	0	0	0	0	54
1043	0	0	0	0	215
1044	0	0	0	0	255
1045	0	0	0	0	80
1046	0	0	0	0	268
1047	0	0	0	0	262
1048	0	0	0	0	111
1049	0	0	0	0	121
1050	0	0	0	0	235
1051	0	0	0	0	530
1052	0	0	0	0	551
1053	0	0	0	0	707
1054	0	0	0	0	282
1055	0	0	0	0	171
1056	0	0	0	0	763
1057	0	0	0	0	245
1058	0	0	0	0	170
1059	0	0	0	0	106
1060	0	0	0	0	177
1061	0	0	0	0	200
1062	0	0	0	0	597
1063	0	0	0	0	134
1064	0	0	0	0	274
1065	0	0	0	0	43
1066	0	0	0	0	137
1067	0	0	0	0	182
1068	0	0	0	0	190
1069	0	0	0	0	494
1070	0	0	0	0	293
1071	0	0	0	0	114
1072	0	0	0	0	395
1073	0	0	0	0	521
1074	0	0	0	0	179
1075	0	0	0	0	253
1076	0	0	0	0	322
1077	0	0	0	0	202
1078	0	0	0	0	229
1079	0	0	0	0	55
1080	0	0	0	0	181
1081	0	0	0	0	141
1082	0	0	0	0	111
1083	0	0	0	0	101
1084	0	0	0	0	433
1085	0	0	0	0	897
1086	0	0	0	0	114
1087	0	0	0	0	235
1088	0	0	0	0	109
1089	0	0	0	0	572
1090	0	0	0	0	568
1091	0	0	0	0	171
1092	0	0	0	0	191
1093	0	0	0	0	186
1094	0	0	0	0	70
1095	0	0	0	0	405
1096	0	0	0	0	228
1097	0	0	0	0	169
